1920,1080
x,y
1121,298
